(newswebsite) C:\Users\sathv\ourwebsite\Project\getnews>python news.py
7.4213128089904785
5.86584997177124
8.415794134140015
6.330150365829468
8.470738410949707
11.359591722488403
4.681068658828735
6.73147988319397
4.932216167449951
7.968040227890015
7.079969882965088
5.273751258850098
6.015735626220703
6.147578239440918
8.337769985198975
6.248778581619263
6.990315198898315
4.416772842407227
3.6945090293884277
5.878267526626587
15.795250177383423
6.560372829437256
5.344720840454102
6.736576557159424
5.7580907344818115
3.5774614810943604
3.4186222553253174
5.031506299972534
5.507555961608887
3.8607215881347656
7.106971025466919
3.607511043548584
3.261807680130005
2.9889001846313477
8.442834615707397
4.902304649353027
5.471993923187256
6.9558587074279785
10.262428760528564
2.6596007347106934
5.759015798568726
4.429047346115112
6.194120407104492
5.818794012069702
5.410650014877319
4.507607936859131
3.4692115783691406
3.4719865322113037
6.659692049026489
5.438662528991699
4.135114908218384
7.947432041168213
3.4913859367370605
3.1633739471435547
3.1959619522094727
15.199739217758179
7.389656066894531
5.947840690612793
7.62328314781189
4.6469502449035645
3.52799654006958
3.1845037937164307
9.486432313919067
5.607062578201294
5.050782203674316
6.217290639877319
3.7952146530151367
4.17637825012207
4.073254823684692
17.236682176589966
7.851349830627441
3.5383472442626953
8.315668106079102
3.852067470550537
5.59486722946167
6.95788049697876
1.2248516082763672
12.865679025650024
4.823661804199219
12.927488803863525
9.430468082427979
4.885187149047852
8.076640844345093
9.583510398864746
5.8517537117004395
6.7949841022491455
11.58228874206543
6.490693092346191
2.52522873878479
4.0938122272491455
12.960344076156616
7.688087463378906
5.215298414230347
5.477881908416748
3.9159467220306396
4.213819742202759
5.0953049659729
5.5714991092681885
5.347336530685425
4.213353633880615
2.195391893386841
3.618788719177246
2.6139934062957764
3.5247960090637207
2.2672059535980225
2.5242602825164795
2.5168826580047607
3.3160994052886963
2.9597814083099365
10.166999101638794
8.139871597290039
5.291166305541992